44910 9 3669.21 261614
48114 9 3325.8 237130
57782 11 3234.94 80323.6
37493 9 3181.72 226857
27409 11 2922.87 72575
63819 7 2857.61 39463.6
45147 7 2612.38 36076.9
42970 9 2299.39 163947
64642 2 2220.79 65402.2
51803 7 2163.67 29880.3
25367 8 2135.06 58821
42021 2 1724.31 50780.8
27116 7 1612.19 22264.3
32516 11 1409.54 34998.8
34352 9 1322.68 94307.1
47435 10 1307.45 33457.7
27034 8 1194.82 32917.4
11720 2 1098.05 32337.5
59780 9 1093.55 77970.4
16573 3 999.341 14400.5
71515 3 963.215 13879.9
41039 3 948.416 13666.7
24076 7 910.575 12575
19137 10 904.537 23147.1
15016 5 838.637 59627.1
45150 3 823.913 11872.6
63417 11 810.475 20124.1
47791 5 709.151 50420.6
63355 2 634.476 18685.3
40680 11 611.969 15195.2
65568 4 604.698 19072.2
29531 4 567.497 17898.9
67538 6 559.054 48665.6
19103 7 557.924 7704.93
35472 9 527.17 37587.2
48196 8 458.266 12625.2
35393 9 449.067 32018.5
40260 3 424.273 6113.78
76648 8 383.779 10573.1
30213 11 363.536 9026.6
19890 6 326.473 28419.5
34052 10 302.697 7746.03
71196 8 287.976 7933.74
43257 10 272.181 6965.12
24773 1 268.389 22211.8
15915 3 236.608 3409.52
26702 2 220.394 6490.6
48128 3 175.034 2522.23
25020 2 152.864 4501.84
69466 4 146.625 4624.55
79270 3 95.6592 1378.45
10389 6 88.8444 7733.91
28696 10 27.673 708.151
