0 0
0.1 -0.981
0.2 -1.962
0.3 -2.943
0.4 -3.924
0.5 -4.905
0.6 -5.886
0.7 -6.867
0.8 -7.848
0.9 -8.829
1 -9.81
1.1 -10.791
1.2 -11.772
1.3 -12.753
1.4 -13.734
1.5 -14.715
1.6 -15.696
1.7 -16.677
1.8 -17.658
1.9 -18.639
2 -19.62
2.1 -20.601
2.2 -21.582
2.3 -22.563
2.4 -23.544
2.5 -24.525
2.6 -25.506
2.7 -26.487
2.8 -27.468
2.9 -28.449
3 -29.43
3.1 -30.411
3.2 -31.392
3.3 -32.373
3.4 -33.354
3.5 -34.335
3.6 -35.316
3.7 -36.297
3.8 -37.278
3.9 -38.259
4 -39.24
4.1 -40.221
4.2 -41.202
4.3 -42.183
4.4 -43.164
4.5 -44.145
4.6 -45.126
4.7 -46.107
4.8 -47.088
4.9 -48.069
5 -49.05
5.1 -50.031
5.2 -51.012
5.3 -51.993
5.4 -52.974
5.5 -53.955
5.6 -54.936
5.7 -55.917
5.8 -56.898
5.9 -57.879
6 -58.86
6.1 -59.841
6.2 -60.822
6.3 -61.803
6.4 -62.784
6.5 -63.765
6.6 -64.746
6.7 -65.727
6.8 -66.708
6.9 -67.689
7 -68.67
7.1 -69.651
7.2 -70.632
7.3 -71.613
7.4 -72.594
7.5 -73.575
7.6 -74.556
7.7 -75.537
7.8 -76.518
7.9 -77.499
8 -78.48
8.1 -79.461
8.2 -80.442
8.3 -81.423
8.4 -82.404
8.5 -83.385
8.6 -84.366
8.7 -85.347
8.8 -86.328
8.9 -87.309
9 -88.29
9.1 -89.271
9.2 -90.252
9.3 -91.233
9.4 -92.214
9.5 -93.195
9.6 -94.176
9.7 -95.157
9.8 -96.138
9.9 -97.119
10 -98.1
