0 0
0.01 -0.0981
0.02 -0.1962
0.03 -0.2943
0.04 -0.3924
0.05 -0.4905
0.06 -0.5886
0.07 -0.6867
0.08 -0.7848
0.09 -0.8829
0.1 -0.981
0.11 -1.0791
0.12 -1.1772
0.13 -1.2753
0.14 -1.3734
0.15 -1.4715
0.16 -1.5696
0.17 -1.6677
0.18 -1.7658
0.19 -1.8639
0.2 -1.962
0.21 -2.0601
0.22 -2.1582
0.23 -2.2563
0.24 -2.3544
0.25 -2.4525
0.26 -2.5506
0.27 -2.6487
0.28 -2.7468
0.29 -2.8449
0.3 -2.943
0.31 -3.0411
0.32 -3.1392
0.33 -3.2373
0.34 -3.3354
0.35 -3.4335
0.36 -3.5316
0.37 -3.6297
0.38 -3.7278
0.39 -3.8259
0.4 -3.924
0.41 -4.0221
0.42 -4.1202
0.43 -4.2183
0.44 -4.3164
0.45 -4.4145
0.46 -4.5126
0.47 -4.6107
0.48 -4.7088
0.49 -4.8069
0.5 -4.905
0.51 -5.0031
0.52 -5.1012
0.53 -5.1993
0.54 -5.2974
0.55 -5.3955
0.56 -5.4936
0.57 -5.5917
0.58 -5.6898
0.59 -5.7879
0.6 -5.886
0.61 -5.9841
0.62 -6.0822
0.63 -6.1803
0.64 -6.2784
0.65 -6.3765
0.66 -6.4746
0.67 -6.5727
0.68 -6.6708
0.69 -6.7689
0.7 -6.867
0.71 -6.9651
0.72 -7.0632
0.73 -7.1613
0.74 -7.2594
0.75 -7.3575
0.76 -7.4556
0.77 -7.5537
0.78 -7.6518
0.79 -7.7499
0.8 -7.848
0.81 -7.9461
0.82 -8.0442
0.83 -8.1423
0.84 -8.2404
0.85 -8.3385
0.86 -8.4366
0.87 -8.5347
0.88 -8.6328
0.89 -8.7309
0.9 -8.829
0.91 -8.9271
0.92 -9.0252
0.93 -9.1233
0.94 -9.2214
0.95 -9.3195
0.96 -9.4176
0.97 -9.5157
0.98 -9.6138
0.99 -9.7119
1 -9.81
1.01 -9.9081
1.02 -10.0062
1.03 -10.1043
1.04 -10.2024
1.05 -10.3005
1.06 -10.3986
1.07 -10.4967
1.08 -10.5948
1.09 -10.6929
1.1 -10.791
1.11 -10.8891
1.12 -10.9872
1.13 -11.0853
1.14 -11.1834
1.15 -11.2815
1.16 -11.3796
1.17 -11.4777
1.18 -11.5758
1.19 -11.6739
1.2 -11.772
1.21 -11.8701
1.22 -11.9682
1.23 -12.0663
1.24 -12.1644
1.25 -12.2625
1.26 -12.3606
1.27 -12.4587
1.28 -12.5568
1.29 -12.6549
1.3 -12.753
1.31 -12.8511
1.32 -12.9492
1.33 -13.0473
1.34 -13.1454
1.35 -13.2435
1.36 -13.3416
1.37 -13.4397
1.38 -13.5378
1.39 -13.6359
1.4 -13.734
1.41 -13.8321
1.42 -13.9302
1.43 -14.0283
1.44 -14.1264
1.45 -14.2245
1.46 -14.3226
1.47 -14.4207
1.48 -14.5188
1.49 -14.6169
1.5 -14.715
1.51 -14.8131
1.52 -14.9112
1.53 -15.0093
1.54 -15.1074
1.55 -15.2055
1.56 -15.3036
1.57 -15.4017
1.58 -15.4998
1.59 -15.5979
1.6 -15.696
1.61 -15.7941
1.62 -15.8922
1.63 -15.9903
1.64 -16.0884
1.65 -16.1865
1.66 -16.2846
1.67 -16.3827
1.68 -16.4808
1.69 -16.5789
1.7 -16.677
1.71 -16.7751
1.72 -16.8732
1.73 -16.9713
1.74 -17.0694
1.75 -17.1675
1.76 -17.2656
1.77 -17.3637
1.78 -17.4618
1.79 -17.5599
1.8 -17.658
1.81 -17.7561
1.82 -17.8542
1.83 -17.9523
1.84 -18.0504
1.85 -18.1485
1.86 -18.2466
1.87 -18.3447
1.88 -18.4428
1.89 -18.5409
1.9 -18.639
1.91 -18.7371
1.92 -18.8352
1.93 -18.9333
1.94 -19.0314
1.95 -19.1295
1.96 -19.2276
1.97 -19.3257
1.98 -19.4238
1.99 -19.5219
2 -19.62
2.01 -19.7181
2.02 -19.8162
2.03 -19.9143
2.04 -20.0124
2.05 -20.1105
2.06 -20.2086
2.07 -20.3067
2.08 -20.4048
2.09 -20.5029
2.1 -20.601
2.11 -20.6991
2.12 -20.7972
2.13 -20.8953
2.14 -20.9934
2.15 -21.0915
2.16 -21.1896
2.17 -21.2877
2.18 -21.3858
2.19 -21.4839
2.2 -21.582
2.21 -21.6801
2.22 -21.7782
2.23 -21.8763
2.24 -21.9744
2.25 -22.0725
2.26 -22.1706
2.27 -22.2687
2.28 -22.3668
2.29 -22.4649
2.3 -22.563
2.31 -22.6611
2.32 -22.7592
2.33 -22.8573
2.34 -22.9554
2.35 -23.0535
2.36 -23.1516
2.37 -23.2497
2.38 -23.3478
2.39 -23.4459
2.4 -23.544
2.41 -23.6421
2.42 -23.7402
2.43 -23.8383
2.44 -23.9364
2.45 -24.0345
2.46 -24.1326
2.47 -24.2307
2.48 -24.3288
2.49 -24.4269
2.5 -24.525
2.51 -24.6231
2.52 -24.7212
2.53 -24.8193
2.54 -24.9174
2.55 -25.0155
2.56 -25.1136
2.57 -25.2117
2.58 -25.3098
2.59 -25.4079
2.6 -25.506
2.61 -25.6041
2.62 -25.7022
2.63 -25.8003
2.64 -25.8984
2.65 -25.9965
2.66 -26.0946
2.67 -26.1927
2.68 -26.2908
2.69 -26.3889
2.7 -26.487
2.71 -26.5851
2.72 -26.6832
2.73 -26.7813
2.74 -26.8794
2.75 -26.9775
2.76 -27.0756
2.77 -27.1737
2.78 -27.2718
2.79 -27.3699
2.8 -27.468
2.81 -27.5661
2.82 -27.6642
2.83 -27.7623
2.84 -27.8604
2.85 -27.9585
2.86 -28.0566
2.87 -28.1547
2.88 -28.2528
2.89 -28.3509
2.9 -28.449
2.91 -28.5471
2.92 -28.6452
2.93 -28.7433
2.94 -28.8414
2.95 -28.9395
2.96 -29.0376
2.97 -29.1357
2.98 -29.2338
2.99 -29.3319
3 -29.43
3.01 -29.5281
3.02 -29.6262
3.03 -29.7243
3.04 -29.8224
3.05 -29.9205
3.06 -30.0186
3.07 -30.1167
3.08 -30.2148
3.09 -30.3129
3.1 -30.411
3.11 -30.5091
3.12 -30.6072
3.13 -30.7053
3.14 -30.8034
3.15 -30.9015
3.16 -30.9996
3.17 -31.0977
3.18 -31.1958
3.19 -31.2939
3.2 -31.392
3.21 -31.4901
3.22 -31.5882
3.23 -31.6863
3.24 -31.7844
3.25 -31.8825
3.26 -31.9806
3.27 -32.0787
3.28 -32.1768
3.29 -32.2749
3.3 -32.373
3.31 -32.4711
3.32 -32.5692
3.33 -32.6673
3.34 -32.7654
3.35 -32.8635
3.36 -32.9616
3.37 -33.0597
3.38 -33.1578
3.39 -33.2559
3.4 -33.354
3.41 -33.4521
3.42 -33.5502
3.43 -33.6483
3.44 -33.7464
3.45 -33.8445
3.46 -33.9426
3.47 -34.0407
3.48 -34.1388
3.49 -34.2369
3.5 -34.335
3.51 -34.4331
3.52 -34.5312
3.53 -34.6293
3.54 -34.7274
3.55 -34.8255
3.56 -34.9236
3.57 -35.0217
3.58 -35.1198
3.59 -35.2179
3.6 -35.316
3.61 -35.4141
3.62 -35.5122
3.63 -35.6103
3.64 -35.7084
3.65 -35.8065
3.66 -35.9046
3.67 -36.0027
3.68 -36.1008
3.69 -36.1989
3.7 -36.297
3.71 -36.3951
3.72 -36.4932
3.73 -36.5913
3.74 -36.6894
3.75 -36.7875
3.76 -36.8856
3.77 -36.9837
3.78 -37.0818
3.79 -37.1799
3.8 -37.278
3.81 -37.3761
3.82 -37.4742
3.83 -37.5723
3.84 -37.6704
3.85 -37.7685
3.86 -37.8666
3.87 -37.9647
3.88 -38.0628
3.89 -38.1609
3.9 -38.259
3.91 -38.3571
3.92 -38.4552
3.93 -38.5533
3.94 -38.6514
3.95 -38.7495
3.96 -38.8476
3.97 -38.9457
3.98 -39.0438
3.99 -39.1419
4 -39.24
4.01 -39.3381
4.02 -39.4362
4.03 -39.5343
4.04 -39.6324
4.05 -39.7305
4.06 -39.8286
4.07 -39.9267
4.08 -40.0248
4.09 -40.1229
4.1 -40.221
4.11 -40.3191
4.12 -40.4172
4.13 -40.5153
4.14 -40.6134
4.15 -40.7115
4.16 -40.8096
4.17 -40.9077
4.18 -41.0058
4.19 -41.1039
4.2 -41.202
4.21 -41.3001
4.22 -41.3982
4.23 -41.4963
4.24 -41.5944
4.25 -41.6925
4.26 -41.7906
4.27 -41.8887
4.28 -41.9868
4.29 -42.0849
4.3 -42.183
4.31 -42.2811
4.32 -42.3792
4.33 -42.4773
4.34 -42.5754
4.35 -42.6735
4.36 -42.7716
4.37 -42.8697
4.38 -42.9678
4.39 -43.0659
4.4 -43.164
4.41 -43.2621
4.42 -43.3602
4.43 -43.4583
4.44 -43.5564
4.45 -43.6545
4.46 -43.7526
4.47 -43.8507
4.48 -43.9488
4.49 -44.0469
4.5 -44.145
4.51 -44.2431
4.52 -44.3412
4.53 -44.4393
4.54 -44.5374
4.55 -44.6355
4.56 -44.7336
4.57 -44.8317
4.58 -44.9298
4.59 -45.0279
4.6 -45.126
4.61 -45.2241
4.62 -45.3222
4.63 -45.4203
4.64 -45.5184
4.65 -45.6165
4.66 -45.7146
4.67 -45.8127
4.68 -45.9108
4.69 -46.0089
4.7 -46.107
4.71 -46.2051
4.72 -46.3032
4.73 -46.4013
4.74 -46.4994
4.75 -46.5975
4.76 -46.6956
4.77 -46.7937
4.78 -46.8918
4.79 -46.9899
4.8 -47.088
4.81 -47.1861
4.82 -47.2842
4.83 -47.3823
4.84 -47.4804
4.85 -47.5785
4.86 -47.6766
4.87 -47.7747
4.88 -47.8728
4.89 -47.9709
4.9 -48.069
4.91 -48.1671
4.92 -48.2652
4.93 -48.3633
4.94 -48.4614
4.95 -48.5595
4.96 -48.6576
4.97 -48.7557
4.98 -48.8538
4.99 -48.9519
5 -49.05
5.01 -49.1481
5.02 -49.2462
5.03 -49.3443
5.04 -49.4424
5.05 -49.5405
5.06 -49.6386
5.07 -49.7367
5.08 -49.8348
5.09 -49.9329
5.1 -50.031
5.11 -50.1291
5.12 -50.2272
5.13 -50.3253
5.14 -50.4234
5.15 -50.5215
5.16 -50.6196
5.17 -50.7177
5.18 -50.8158
5.19 -50.9139
5.2 -51.012
5.21 -51.1101
5.22 -51.2082
5.23 -51.3063
5.24 -51.4044
5.25 -51.5025
5.26 -51.6006
5.27 -51.6987
5.28 -51.7968
5.29 -51.8949
5.3 -51.993
5.31 -52.0911
5.32 -52.1892
5.33 -52.2873
5.34 -52.3854
5.35 -52.4835
5.36 -52.5816
5.37 -52.6797
5.38 -52.7778
5.39 -52.8759
5.4 -52.974
5.41 -53.0721
5.42 -53.1702
5.43 -53.2683
5.44 -53.3664
5.45 -53.4645
5.46 -53.5626
5.47 -53.6607
5.48 -53.7588
5.49 -53.8569
5.5 -53.955
5.51 -54.0531
5.52 -54.1512
5.53 -54.2493
5.54 -54.3474
5.55 -54.4455
5.56 -54.5436
5.57 -54.6417
5.58 -54.7398
5.59 -54.8379
5.6 -54.936
5.61 -55.0341
5.62 -55.1322
5.63 -55.2303
5.64 -55.3284
5.65 -55.4265
5.66 -55.5246
5.67 -55.6227
5.68 -55.7208
5.69 -55.8189
5.7 -55.917
5.71 -56.0151
5.72 -56.1132
5.73 -56.2113
5.74 -56.3094
5.75 -56.4075
5.76 -56.5056
5.77 -56.6037
5.78 -56.7018
5.79 -56.7999
5.8 -56.898
5.81 -56.9961
5.82 -57.0942
5.83 -57.1923
5.84 -57.2904
5.85 -57.3885
5.86 -57.4866
5.87 -57.5847
5.88 -57.6828
5.89 -57.7809
5.9 -57.879
5.91 -57.9771
5.92 -58.0752
5.93 -58.1733
5.94 -58.2714
5.95 -58.3695
5.96 -58.4676
5.97 -58.5657
5.98 -58.6638
5.99 -58.7619
6 -58.86
6.01 -58.9581
6.02 -59.0562
6.03 -59.1543
6.04 -59.2524
6.05 -59.3505
6.06 -59.4486
6.07 -59.5467
6.08 -59.6448
6.09 -59.7429
6.1 -59.841
6.11 -59.9391
6.12 -60.0372
6.13 -60.1353
6.14 -60.2334
6.15 -60.3315
6.16 -60.4296
6.17 -60.5277
6.18 -60.6258
6.19 -60.7239
6.2 -60.822
6.21 -60.9201
6.22 -61.0182
6.23 -61.1163
6.24 -61.2144
6.25 -61.3125
6.26 -61.4106
6.27 -61.5087
6.28 -61.6068
6.29 -61.7049
6.3 -61.803
6.31 -61.9011
6.32 -61.9992
6.33 -62.0973
6.34 -62.1954
6.35 -62.2935
6.36 -62.3916
6.37 -62.4897
6.38 -62.5878
6.39 -62.6859
6.4 -62.784
6.41 -62.8821
6.42 -62.9802
6.43 -63.0783
6.44 -63.1764
6.45 -63.2745
6.46 -63.3726
6.47 -63.4707
6.48 -63.5688
6.49 -63.6669
6.5 -63.765
6.51 -63.8631
6.52 -63.9612
6.53 -64.0593
6.54 -64.1574
6.55 -64.2555
6.56 -64.3536
6.57 -64.4517
6.58 -64.5498
6.59 -64.6479
6.6 -64.746
6.61 -64.8441
6.62 -64.9422
6.63 -65.0403
6.64 -65.1384
6.65 -65.2365
6.66 -65.3346
6.67 -65.4327
6.68 -65.5308
6.69 -65.6289
6.7 -65.727
6.71 -65.8251
6.72 -65.9232
6.73 -66.0213
6.74 -66.1194
6.75 -66.2175
6.76 -66.3156
6.77 -66.4137
6.78 -66.5118
6.79 -66.6099
6.8 -66.708
6.81 -66.8061
6.82 -66.9042
6.83 -67.0023
6.84 -67.1004
6.85 -67.1985
6.86 -67.2966
6.87 -67.3947
6.88 -67.4928
6.89 -67.5909
6.9 -67.689
6.91 -67.7871
6.92 -67.8852
6.93 -67.9833
6.94 -68.0814
6.95 -68.1795
6.96 -68.2776
6.97 -68.3757
6.98 -68.4738
6.99 -68.5719
7 -68.67
7.01 -68.7681
7.02 -68.8662
7.03 -68.9643
7.04 -69.0624
7.05 -69.1605
7.06 -69.2586
7.07 -69.3567
7.08 -69.4548
7.09 -69.5529
7.1 -69.651
7.11 -69.7491
7.12 -69.8472
7.13 -69.9453
7.14 -70.0434
7.15 -70.1415
7.16 -70.2396
7.17 -70.3377
7.18 -70.4358
7.19 -70.5339
7.2 -70.632
7.21 -70.7301
7.22 -70.8282
7.23 -70.9263
7.24 -71.0244
7.25 -71.1225
7.26 -71.2206
7.27 -71.3187
7.28 -71.4168
7.29 -71.5149
7.3 -71.613
7.31 -71.7111
7.32 -71.8092
7.33 -71.9073
7.34 -72.0054
7.35 -72.1035
7.36 -72.2016
7.37 -72.2997
7.38 -72.3978
7.39 -72.4959
7.4 -72.594
7.41 -72.6921
7.42 -72.7902
7.43 -72.8883
7.44 -72.9864
7.45 -73.0845
7.46 -73.1826
7.47 -73.2807
7.48 -73.3788
7.49 -73.4769
7.5 -73.575
7.51 -73.6731
7.52 -73.7712
7.53 -73.8693
7.54 -73.9674
7.55 -74.0655
7.56 -74.1636
7.57 -74.2617
7.58 -74.3598
7.59 -74.4579
7.6 -74.556
7.61 -74.6541
7.62 -74.7522
7.63 -74.8503
7.64 -74.9484
7.65 -75.0465
7.66 -75.1446
7.67 -75.2427
7.68 -75.3408
7.69 -75.4389
7.7 -75.537
7.71 -75.6351
7.72 -75.7332
7.73 -75.8313
7.74 -75.9294
7.75 -76.0275
7.76 -76.1256
7.77 -76.2237
7.78 -76.3218
7.79 -76.4199
7.8 -76.518
7.81 -76.6161
7.82 -76.7142
7.83 -76.8123
7.84 -76.9104
7.85 -77.0085
7.86 -77.1066
7.87 -77.2047
7.88 -77.3028
7.89 -77.4009
7.9 -77.499
7.91 -77.5971
7.92 -77.6952
7.93 -77.7933
7.94 -77.8914
7.95 -77.9895
7.96 -78.0876
7.97 -78.1857
7.98 -78.2838
7.99 -78.3819
8 -78.48
8.01 -78.5781
8.02 -78.6762
8.03 -78.7743
8.04 -78.8724
8.05 -78.9705
8.06 -79.0686
8.07 -79.1667
8.08 -79.2648
8.09 -79.3629
8.1 -79.461
8.11 -79.5591
8.12 -79.6572
8.13 -79.7553
8.14 -79.8534
8.15 -79.9515
8.16 -80.0496
8.17 -80.1477
8.18 -80.2458
8.19 -80.3439
8.2 -80.442
8.21 -80.5401
8.22 -80.6382
8.23 -80.7363
8.24 -80.8344
8.25 -80.9325
8.26 -81.0306
8.27 -81.1287
8.28 -81.2268
8.29 -81.3249
8.3 -81.423
8.31 -81.5211
8.32 -81.6192
8.33 -81.7173
8.34 -81.8154
8.35 -81.9135
8.36 -82.0116
8.37 -82.1097
8.38 -82.2078
8.39 -82.3059
8.4 -82.404
8.41 -82.5021
8.42 -82.6002
8.43 -82.6983
8.44 -82.7964
8.45 -82.8945
8.46 -82.9926
8.47 -83.0907
8.48 -83.1888
8.49 -83.2869
8.5 -83.385
8.51 -83.4831
8.52 -83.5812
8.53 -83.6793
8.54 -83.7774
8.55 -83.8755
8.56 -83.9736
8.57 -84.0717
8.58 -84.1698
8.59 -84.2679
8.6 -84.366
8.61 -84.4641
8.62 -84.5622
8.63 -84.6603
8.64 -84.7584
8.65 -84.8565
8.66 -84.9546
8.67 -85.0527
8.68 -85.1508
8.69 -85.2489
8.7 -85.347
8.71 -85.4451
8.72 -85.5432
8.73 -85.6413
8.74 -85.7394
8.75 -85.8375
8.76 -85.9356
8.77 -86.0337
8.78 -86.1318
8.79 -86.2299
8.8 -86.328
8.81 -86.4261
8.82 -86.5242
8.83 -86.6223
8.84 -86.7204
8.85 -86.8185
8.86 -86.9166
8.87 -87.0147
8.88 -87.1128
8.89 -87.2109
8.9 -87.309
8.91 -87.4071
8.92 -87.5052
8.93 -87.6033
8.94 -87.7014
8.95 -87.7995
8.96 -87.8976
8.97 -87.9957
8.98 -88.0938
8.99 -88.1919
9 -88.29
9.01 -88.3881
9.02 -88.4862
9.03 -88.5843
9.04 -88.6824
9.05 -88.7805
9.06 -88.8786
9.07 -88.9767
9.08 -89.0748
9.09 -89.1729
9.1 -89.271
9.11 -89.3691
9.12 -89.4672
9.13 -89.5653
9.14 -89.6634
9.15 -89.7615
9.16 -89.8596
9.17 -89.9577
9.18 -90.0558
9.19 -90.1539
9.2 -90.252
9.21 -90.3501
9.22 -90.4482
9.23 -90.5463
9.24 -90.6444
9.25 -90.7425
9.26 -90.8406
9.27 -90.9387
9.28 -91.0368
9.29 -91.1349
9.3 -91.233
9.31 -91.3311
9.32 -91.4292
9.33 -91.5273
9.34 -91.6254
9.35 -91.7235
9.36 -91.8216
9.37 -91.9197
9.38 -92.0178
9.39 -92.1159
9.4 -92.214
9.41 -92.3121
9.42 -92.4102
9.43 -92.5083
9.44 -92.6064
9.45 -92.7045
9.46 -92.8026
9.47 -92.9007
9.48 -92.9988
9.49 -93.0969
9.5 -93.195
9.51 -93.2931
9.52 -93.3912
9.53 -93.4893
9.54 -93.5874
9.55 -93.6855
9.56 -93.7836
9.57 -93.8817
9.58 -93.9798
9.59 -94.0779
9.6 -94.176
9.61 -94.2741
9.62 -94.3722
9.63 -94.4703
9.64 -94.5684
9.65 -94.6665
9.66 -94.7646
9.67 -94.8627
9.68 -94.9608
9.69 -95.0589
9.7 -95.157
9.71 -95.2551
9.72 -95.3532
9.73 -95.4513
9.74 -95.5494
9.75 -95.6475
9.76 -95.7456
9.77 -95.8437
9.78 -95.9418
9.79 -96.0399
9.8 -96.138
9.81 -96.2361
9.82 -96.3342
9.83 -96.4323
9.84 -96.5304
9.85 -96.6285
9.86 -96.7266
9.87 -96.8247
9.88 -96.9228
9.89 -97.0209
9.9 -97.119
9.91 -97.2171
9.92 -97.3152
9.93 -97.4133
9.94 -97.5114
9.95 -97.6095
9.96 -97.7076
9.97 -97.8057
9.98 -97.9038
9.99 -98.0019
10 -98.1
