0 0
0.01 0.0981
0.02 0.195415
0.03 0.291952
0.04 0.387716
0.05 0.482715
0.06 0.576953
0.07 0.670437
0.08 0.763174
0.09 0.855168
0.1 0.946427
0.11 1.03696
0.12 1.12676
0.13 1.21585
0.14 1.30422
0.15 1.39189
0.16 1.47885
0.17 1.56512
0.18 1.6507
0.19 1.73559
0.2 1.81981
0.21 1.90335
0.22 1.98622
0.23 2.06843
0.24 2.14999
0.25 2.23089
0.26 2.31114
0.27 2.39075
0.28 2.46972
0.29 2.54807
0.3 2.62578
0.31 2.70287
0.32 2.77935
0.33 2.85522
0.34 2.93048
0.35 3.00513
0.36 3.07919
0.37 3.15266
0.38 3.22554
0.39 3.29783
0.4 3.36955
0.41 3.44069
0.42 3.51127
0.43 3.58128
0.44 3.65073
0.45 3.71962
0.46 3.78796
0.47 3.85576
0.48 3.92301
0.49 3.98973
0.5 4.05591
0.51 4.12156
0.52 4.18669
0.53 4.2513
0.54 4.31539
0.55 4.37897
0.56 4.44203
0.57 4.5046
0.58 4.56666
0.59 4.62823
0.6 4.6893
0.61 4.74989
0.62 4.80999
0.63 4.86961
0.64 4.92875
0.65 4.98742
0.66 5.04562
0.67 5.10336
0.68 5.16063
0.69 5.21744
0.7 5.27381
0.71 5.32971
0.72 5.38518
0.73 5.4402
0.74 5.49477
0.75 5.54892
0.76 5.60262
0.77 5.6559
0.78 5.70876
0.79 5.76119
0.8 5.8132
0.81 5.86479
0.82 5.91597
0.83 5.96675
0.84 6.01711
0.85 6.06707
0.86 6.11664
0.87 6.1658
0.88 6.21458
0.89 6.26296
0.9 6.31096
0.91 6.35857
0.92 6.4058
0.93 6.45266
0.94 6.49913
0.95 6.54524
0.96 6.59098
0.97 6.63635
0.98 6.68136
0.99 6.72601
1 6.7703
1.01 6.81424
1.02 6.85783
1.03 6.90106
1.04 6.94395
1.05 6.9865
1.06 7.02871
1.07 7.07058
1.08 7.11212
1.09 7.15332
1.1 7.19419
1.11 7.23474
1.12 7.27496
1.13 7.31486
1.14 7.35444
1.15 7.39371
1.16 7.43266
1.17 7.4713
1.18 7.50963
1.19 7.54765
1.2 7.58537
1.21 7.62278
1.22 7.6599
1.23 7.69672
1.24 7.73325
1.25 7.76948
1.26 7.80543
1.27 7.84108
1.28 7.87646
1.29 7.91154
1.3 7.94635
1.31 7.98088
1.32 8.01513
1.33 8.04911
1.34 8.08282
1.35 8.11626
1.36 8.14943
1.37 8.18233
1.38 8.21497
1.39 8.24735
1.4 8.27947
1.41 8.31134
1.42 8.34295
1.43 8.3743
1.44 8.40541
1.45 8.43627
1.46 8.46688
1.47 8.49724
1.48 8.52736
1.49 8.55724
1.5 8.58689
1.51 8.61629
1.52 8.64546
1.53 8.6744
1.54 8.7031
1.55 8.73158
1.56 8.75982
1.57 8.78785
1.58 8.81564
1.59 8.84322
1.6 8.87057
1.61 8.89771
1.62 8.92463
1.63 8.95133
1.64 8.97782
1.65 9.0041
1.66 9.03016
1.67 9.05602
1.68 9.08167
1.69 9.10712
1.7 9.13236
1.71 9.1574
1.72 9.18225
1.73 9.20689
1.74 9.23133
1.75 9.25558
1.76 9.27964
1.77 9.3035
1.78 9.32717
1.79 9.35065
1.8 9.37395
1.81 9.39706
1.82 9.41998
1.83 9.44272
1.84 9.46528
1.85 9.48766
1.86 9.50986
1.87 9.53188
1.88 9.55372
1.89 9.57539
1.9 9.59689
1.91 9.61821
1.92 9.63937
1.93 9.66035
1.94 9.68117
1.95 9.70182
1.96 9.72231
1.97 9.74263
1.98 9.76279
1.99 9.78278
2 9.80262
2.01 9.8223
2.02 9.84182
2.03 9.86119
2.04 9.8804
2.05 9.89946
2.06 9.91836
2.07 9.93711
2.08 9.95572
2.09 9.97417
2.1 9.99248
2.11 10.0106
2.12 10.0287
2.13 10.0465
2.14 10.0643
2.15 10.0818
2.16 10.0993
2.17 10.1166
2.18 10.1338
2.19 10.1508
2.2 10.1677
2.21 10.1844
2.22 10.2011
2.23 10.2176
2.24 10.2339
2.25 10.2501
2.26 10.2662
2.27 10.2822
2.28 10.2981
2.29 10.3138
2.3 10.3294
2.31 10.3448
2.32 10.3602
2.33 10.3754
2.34 10.3905
2.35 10.4055
2.36 10.4203
2.37 10.4351
2.38 10.4497
2.39 10.4642
2.4 10.4786
2.41 10.4928
2.42 10.507
2.43 10.521
2.44 10.535
2.45 10.5488
2.46 10.5625
2.47 10.5761
2.48 10.5896
2.49 10.603
2.5 10.6162
2.51 10.6294
2.52 10.6425
2.53 10.6554
2.54 10.6683
2.55 10.6811
2.56 10.6937
2.57 10.7063
2.58 10.7187
2.59 10.7311
2.6 10.7433
2.61 10.7555
2.62 10.7675
2.63 10.7795
2.64 10.7913
2.65 10.8031
2.66 10.8148
2.67 10.8264
2.68 10.8379
2.69 10.8493
2.7 10.8606
2.71 10.8718
2.72 10.8829
2.73 10.8939
2.74 10.9049
2.75 10.9157
2.76 10.9265
2.77 10.9372
2.78 10.9478
2.79 10.9583
2.8 10.9688
2.81 10.9791
2.82 10.9894
2.83 10.9996
2.84 11.0097
2.85 11.0197
2.86 11.0296
2.87 11.0395
2.88 11.0493
2.89 11.059
2.9 11.0686
2.91 11.0782
2.92 11.0876
2.93 11.097
2.94 11.1064
2.95 11.1156
2.96 11.1248
2.97 11.1339
2.98 11.1429
2.99 11.1519
3 11.1608
3.01 11.1696
3.02 11.1783
3.03 11.187
3.04 11.1956
3.05 11.2041
3.06 11.2126
3.07 11.221
3.08 11.2293
3.09 11.2376
3.1 11.2458
3.11 11.2539
3.12 11.262
3.13 11.27
3.14 11.2779
3.15 11.2858
3.16 11.2936
3.17 11.3014
3.18 11.3091
3.19 11.3167
3.2 11.3243
3.21 11.3318
3.22 11.3392
3.23 11.3466
3.24 11.3539
3.25 11.3612
3.26 11.3684
3.27 11.3756
3.28 11.3827
3.29 11.3897
3.3 11.3967
3.31 11.4036
3.32 11.4105
3.33 11.4173
3.34 11.424
3.35 11.4308
3.36 11.4374
3.37 11.444
3.38 11.4506
3.39 11.4571
3.4 11.4635
3.41 11.4699
3.42 11.4762
3.43 11.4825
3.44 11.4888
3.45 11.495
3.46 11.5011
3.47 11.5072
3.48 11.5132
3.49 11.5192
3.5 11.5252
3.51 11.5311
3.52 11.5369
3.53 11.5427
3.54 11.5485
3.55 11.5542
3.56 11.5599
3.57 11.5655
3.58 11.5711
3.59 11.5766
3.6 11.5821
3.61 11.5875
3.62 11.5929
3.63 11.5983
3.64 11.6036
3.65 11.6089
3.66 11.6141
3.67 11.6193
3.68 11.6244
3.69 11.6295
3.7 11.6346
3.71 11.6396
3.72 11.6446
3.73 11.6495
3.74 11.6544
3.75 11.6593
3.76 11.6641
3.77 11.6689
3.78 11.6737
3.79 11.6784
3.8 11.6831
3.81 11.6877
3.82 11.6923
3.83 11.6968
3.84 11.7014
3.85 11.7059
3.86 11.7103
3.87 11.7147
3.88 11.7191
3.89 11.7235
3.9 11.7278
3.91 11.7321
3.92 11.7363
3.93 11.7405
3.94 11.7447
3.95 11.7488
3.96 11.7529
3.97 11.757
3.98 11.7611
3.99 11.7651
4 11.769
4.01 11.773
4.02 11.7769
4.03 11.7808
4.04 11.7846
4.05 11.7885
4.06 11.7923
4.07 11.796
4.08 11.7998
4.09 11.8035
4.1 11.8071
4.11 11.8108
4.12 11.8144
4.13 11.818
4.14 11.8215
4.15 11.8251
4.16 11.8286
4.17 11.832
4.18 11.8355
4.19 11.8389
4.2 11.8423
4.21 11.8456
4.22 11.849
4.23 11.8523
4.24 11.8556
4.25 11.8588
4.26 11.862
4.27 11.8653
4.28 11.8684
4.29 11.8716
4.3 11.8747
4.31 11.8778
4.32 11.8809
4.33 11.8839
4.34 11.887
4.35 11.89
4.36 11.893
4.37 11.8959
4.38 11.8988
4.39 11.9018
4.4 11.9046
4.41 11.9075
4.42 11.9103
4.43 11.9132
4.44 11.916
4.45 11.9187
4.46 11.9215
4.47 11.9242
4.48 11.9269
4.49 11.9296
4.5 11.9323
4.51 11.9349
4.52 11.9375
4.53 11.9401
4.54 11.9427
4.55 11.9453
4.56 11.9478
4.57 11.9503
4.58 11.9528
4.59 11.9553
4.6 11.9577
4.61 11.9602
4.62 11.9626
4.63 11.965
4.64 11.9674
4.65 11.9697
4.66 11.9721
4.67 11.9744
4.68 11.9767
4.69 11.979
4.7 11.9813
4.71 11.9835
4.72 11.9857
4.73 11.988
4.74 11.9902
4.75 11.9923
4.76 11.9945
4.77 11.9966
4.78 11.9988
4.79 12.0009
4.8 12.003
4.81 12.005
4.82 12.0071
4.83 12.0092
4.84 12.0112
4.85 12.0132
4.86 12.0152
4.87 12.0172
4.88 12.0191
4.89 12.0211
4.9 12.023
4.91 12.0249
4.92 12.0268
4.93 12.0287
4.94 12.0306
4.95 12.0324
4.96 12.0343
4.97 12.0361
4.98 12.0379
4.99 12.0397
5 12.0415
5.01 12.0433
5.02 12.045
5.03 12.0468
5.04 12.0485
5.05 12.0502
5.06 12.0519
5.07 12.0536
5.08 12.0552
5.09 12.0569
5.1 12.0585
5.11 12.0602
5.12 12.0618
5.13 12.0634
5.14 12.065
5.15 12.0666
5.16 12.0681
5.17 12.0697
5.18 12.0712
5.19 12.0728
5.2 12.0743
5.21 12.0758
5.22 12.0773
5.23 12.0788
5.24 12.0802
5.25 12.0817
5.26 12.0831
5.27 12.0846
5.28 12.086
5.29 12.0874
5.3 12.0888
5.31 12.0902
5.32 12.0916
5.33 12.0929
5.34 12.0943
5.35 12.0957
5.36 12.097
5.37 12.0983
5.38 12.0996
5.39 12.1009
5.4 12.1022
5.41 12.1035
5.42 12.1048
5.43 12.106
5.44 12.1073
5.45 12.1085
5.46 12.1098
5.47 12.111
5.48 12.1122
5.49 12.1134
5.5 12.1146
5.51 12.1158
5.52 12.1169
5.53 12.1181
5.54 12.1193
5.55 12.1204
5.56 12.1215
5.57 12.1227
5.58 12.1238
5.59 12.1249
5.6 12.126
5.61 12.1271
5.62 12.1282
5.63 12.1293
5.64 12.1303
5.65 12.1314
5.66 12.1324
5.67 12.1335
5.68 12.1345
5.69 12.1355
5.7 12.1365
5.71 12.1375
5.72 12.1385
5.73 12.1395
5.74 12.1405
5.75 12.1415
5.76 12.1425
5.77 12.1434
5.78 12.1444
5.79 12.1453
5.8 12.1463
5.81 12.1472
5.82 12.1481
5.83 12.149
5.84 12.1499
5.85 12.1508
5.86 12.1517
5.87 12.1526
5.88 12.1535
5.89 12.1544
5.9 12.1552
5.91 12.1561
5.92 12.1569
5.93 12.1578
5.94 12.1586
5.95 12.1595
5.96 12.1603
5.97 12.1611
5.98 12.1619
5.99 12.1627
6 12.1635
6.01 12.1643
6.02 12.1651
6.03 12.1659
6.04 12.1666
6.05 12.1674
6.06 12.1682
6.07 12.1689
6.08 12.1697
6.09 12.1704
6.1 12.1712
6.11 12.1719
6.12 12.1726
6.13 12.1733
6.14 12.174
6.15 12.1747
6.16 12.1754
6.17 12.1761
6.18 12.1768
6.19 12.1775
6.2 12.1782
6.21 12.1789
6.22 12.1795
6.23 12.1802
6.24 12.1809
6.25 12.1815
6.26 12.1822
6.27 12.1828
6.28 12.1834
6.29 12.1841
6.3 12.1847
6.31 12.1853
6.32 12.1859
6.33 12.1866
6.34 12.1872
6.35 12.1878
6.36 12.1884
6.37 12.189
6.38 12.1895
6.39 12.1901
6.4 12.1907
6.41 12.1913
6.42 12.1919
6.43 12.1924
6.44 12.193
6.45 12.1935
6.46 12.1941
6.47 12.1946
6.48 12.1952
6.49 12.1957
6.5 12.1963
6.51 12.1968
6.52 12.1973
6.53 12.1978
6.54 12.1983
6.55 12.1989
6.56 12.1994
6.57 12.1999
6.58 12.2004
6.59 12.2009
6.6 12.2014
6.61 12.2019
6.62 12.2023
6.63 12.2028
6.64 12.2033
6.65 12.2038
6.66 12.2042
6.67 12.2047
6.68 12.2052
6.69 12.2056
6.7 12.2061
6.71 12.2065
6.72 12.207
6.73 12.2074
6.74 12.2079
6.75 12.2083
6.76 12.2087
6.77 12.2092
6.78 12.2096
6.79 12.21
6.8 12.2104
6.81 12.2109
6.82 12.2113
6.83 12.2117
6.84 12.2121
6.85 12.2125
6.86 12.2129
6.87 12.2133
6.88 12.2137
6.89 12.2141
6.9 12.2145
6.91 12.2148
6.92 12.2152
6.93 12.2156
6.94 12.216
6.95 12.2163
6.96 12.2167
6.97 12.2171
6.98 12.2174
6.99 12.2178
7 12.2182
7.01 12.2185
7.02 12.2189
7.03 12.2192
7.04 12.2196
7.05 12.2199
7.06 12.2203
7.07 12.2206
7.08 12.2209
7.09 12.2213
7.1 12.2216
7.11 12.2219
7.12 12.2222
7.13 12.2226
7.14 12.2229
7.15 12.2232
7.16 12.2235
7.17 12.2238
7.18 12.2241
7.19 12.2244
7.2 12.2247
7.21 12.225
7.22 12.2253
7.23 12.2256
7.24 12.2259
7.25 12.2262
7.26 12.2265
7.27 12.2268
7.28 12.2271
7.29 12.2274
7.3 12.2277
7.31 12.2279
7.32 12.2282
7.33 12.2285
7.34 12.2288
7.35 12.229
7.36 12.2293
7.37 12.2296
7.38 12.2298
7.39 12.2301
7.4 12.2303
7.41 12.2306
7.42 12.2309
7.43 12.2311
7.44 12.2314
7.45 12.2316
7.46 12.2319
7.47 12.2321
7.48 12.2323
7.49 12.2326
7.5 12.2328
7.51 12.2331
7.52 12.2333
7.53 12.2335
7.54 12.2338
7.55 12.234
7.56 12.2342
7.57 12.2345
7.58 12.2347
7.59 12.2349
7.6 12.2351
7.61 12.2353
7.62 12.2356
7.63 12.2358
7.64 12.236
7.65 12.2362
7.66 12.2364
7.67 12.2366
7.68 12.2368
7.69 12.237
7.7 12.2372
7.71 12.2374
7.72 12.2376
7.73 12.2378
7.74 12.238
7.75 12.2382
7.76 12.2384
7.77 12.2386
7.78 12.2388
7.79 12.239
7.8 12.2392
7.81 12.2394
7.82 12.2396
7.83 12.2397
7.84 12.2399
7.85 12.2401
7.86 12.2403
7.87 12.2405
7.88 12.2406
7.89 12.2408
7.9 12.241
7.91 12.2412
7.92 12.2413
7.93 12.2415
7.94 12.2417
7.95 12.2418
7.96 12.242
7.97 12.2422
7.98 12.2423
7.99 12.2425
8 12.2426
8.01 12.2428
8.02 12.243
8.03 12.2431
8.04 12.2433
8.05 12.2434
8.06 12.2436
8.07 12.2437
8.08 12.2439
8.09 12.244
8.1 12.2442
8.11 12.2443
8.12 12.2445
8.13 12.2446
8.14 12.2448
8.15 12.2449
8.16 12.245
8.17 12.2452
8.18 12.2453
8.19 12.2455
8.2 12.2456
8.21 12.2457
8.22 12.2459
8.23 12.246
8.24 12.2461
8.25 12.2463
8.26 12.2464
8.27 12.2465
8.28 12.2466
8.29 12.2468
8.3 12.2469
8.31 12.247
8.32 12.2471
8.33 12.2473
8.34 12.2474
8.35 12.2475
8.36 12.2476
8.37 12.2477
8.38 12.2479
8.39 12.248
8.4 12.2481
8.41 12.2482
8.42 12.2483
8.43 12.2484
8.44 12.2486
8.45 12.2487
8.46 12.2488
8.47 12.2489
8.48 12.249
8.49 12.2491
8.5 12.2492
8.51 12.2493
8.52 12.2494
8.53 12.2495
8.54 12.2496
8.55 12.2497
8.56 12.2498
8.57 12.2499
8.58 12.25
8.59 12.2501
8.6 12.2502
8.61 12.2503
8.62 12.2504
8.63 12.2505
8.64 12.2506
8.65 12.2507
8.66 12.2508
8.67 12.2509
8.68 12.251
8.69 12.2511
8.7 12.2512
8.71 12.2513
8.72 12.2514
8.73 12.2515
8.74 12.2515
8.75 12.2516
8.76 12.2517
8.77 12.2518
8.78 12.2519
8.79 12.252
8.8 12.2521
8.81 12.2521
8.82 12.2522
8.83 12.2523
8.84 12.2524
8.85 12.2525
8.86 12.2525
8.87 12.2526
8.88 12.2527
8.89 12.2528
8.9 12.2529
8.91 12.2529
8.92 12.253
8.93 12.2531
8.94 12.2532
8.95 12.2532
8.96 12.2533
8.97 12.2534
8.98 12.2535
8.99 12.2535
9 12.2536
9.01 12.2537
9.02 12.2537
9.03 12.2538
9.04 12.2539
9.05 12.254
9.06 12.254
9.07 12.2541
9.08 12.2542
9.09 12.2542
9.1 12.2543
9.11 12.2544
9.12 12.2544
9.13 12.2545
9.14 12.2546
9.15 12.2546
9.16 12.2547
9.17 12.2547
9.18 12.2548
9.19 12.2549
9.2 12.2549
9.21 12.255
9.22 12.255
9.23 12.2551
9.24 12.2552
9.25 12.2552
9.26 12.2553
9.27 12.2553
9.28 12.2554
9.29 12.2555
9.3 12.2555
9.31 12.2556
9.32 12.2556
9.33 12.2557
9.34 12.2557
9.35 12.2558
9.36 12.2558
9.37 12.2559
9.38 12.2559
9.39 12.256
9.4 12.2561
9.41 12.2561
9.42 12.2562
9.43 12.2562
9.44 12.2563
9.45 12.2563
9.46 12.2564
9.47 12.2564
9.48 12.2565
9.49 12.2565
9.5 12.2565
9.51 12.2566
9.52 12.2566
9.53 12.2567
9.54 12.2567
9.55 12.2568
9.56 12.2568
9.57 12.2569
9.58 12.2569
9.59 12.257
9.6 12.257
9.61 12.2571
9.62 12.2571
9.63 12.2571
9.64 12.2572
9.65 12.2572
9.66 12.2573
9.67 12.2573
9.68 12.2573
9.69 12.2574
9.7 12.2574
9.71 12.2575
9.72 12.2575
9.73 12.2576
9.74 12.2576
9.75 12.2576
9.76 12.2577
9.77 12.2577
9.78 12.2577
9.79 12.2578
9.8 12.2578
9.81 12.2579
9.82 12.2579
9.83 12.2579
9.84 12.258
9.85 12.258
9.86 12.258
9.87 12.2581
9.88 12.2581
9.89 12.2581
9.9 12.2582
9.91 12.2582
9.92 12.2583
9.93 12.2583
9.94 12.2583
9.95 12.2584
9.96 12.2584
9.97 12.2584
9.98 12.2585
9.99 12.2585
10 12.2585
10.01 12.2585
10.02 12.2586
10.03 12.2586
10.04 12.2586
10.05 12.2587
10.06 12.2587
10.07 12.2587
10.08 12.2588
10.09 12.2588
10.1 12.2588
10.11 12.2589
10.12 12.2589
10.13 12.2589
10.14 12.2589
10.15 12.259
10.16 12.259
10.17 12.259
10.18 12.2591
10.19 12.2591
10.2 12.2591
10.21 12.2591
10.22 12.2592
10.23 12.2592
10.24 12.2592
10.25 12.2592
10.26 12.2593
10.27 12.2593
10.28 12.2593
10.29 12.2593
10.3 12.2594
10.31 12.2594
10.32 12.2594
10.33 12.2594
10.34 12.2595
10.35 12.2595
10.36 12.2595
10.37 12.2595
10.38 12.2596
10.39 12.2596
10.4 12.2596
10.41 12.2596
10.42 12.2597
10.43 12.2597
10.44 12.2597
10.45 12.2597
10.46 12.2597
10.47 12.2598
10.48 12.2598
10.49 12.2598
10.5 12.2598
10.51 12.2599
10.52 12.2599
10.53 12.2599
10.54 12.2599
10.55 12.2599
10.56 12.26
10.57 12.26
10.58 12.26
10.59 12.26
10.6 12.26
10.61 12.2601
10.62 12.2601
10.63 12.2601
10.64 12.2601
10.65 12.2601
10.66 12.2602
10.67 12.2602
10.68 12.2602
10.69 12.2602
10.7 12.2602
10.71 12.2602
10.72 12.2603
10.73 12.2603
10.74 12.2603
10.75 12.2603
10.76 12.2603
10.77 12.2604
10.78 12.2604
10.79 12.2604
10.8 12.2604
10.81 12.2604
10.82 12.2604
10.83 12.2605
10.84 12.2605
10.85 12.2605
10.86 12.2605
10.87 12.2605
10.88 12.2605
10.89 12.2606
10.9 12.2606
10.91 12.2606
10.92 12.2606
10.93 12.2606
10.94 12.2606
10.95 12.2606
10.96 12.2607
10.97 12.2607
10.98 12.2607
10.99 12.2607
11 12.2607
11.01 12.2607
11.02 12.2607
11.03 12.2608
11.04 12.2608
11.05 12.2608
11.06 12.2608
11.07 12.2608
11.08 12.2608
11.09 12.2608
11.1 12.2609
11.11 12.2609
11.12 12.2609
11.13 12.2609
11.14 12.2609
11.15 12.2609
11.16 12.2609
11.17 12.2609
11.18 12.261
11.19 12.261
11.2 12.261
11.21 12.261
11.22 12.261
11.23 12.261
11.24 12.261
11.25 12.261
11.26 12.2611
11.27 12.2611
11.28 12.2611
11.29 12.2611
11.3 12.2611
11.31 12.2611
11.32 12.2611
11.33 12.2611
11.34 12.2611
11.35 12.2612
11.36 12.2612
11.37 12.2612
11.38 12.2612
11.39 12.2612
11.4 12.2612
11.41 12.2612
11.42 12.2612
11.43 12.2612
11.44 12.2612
11.45 12.2613
11.46 12.2613
11.47 12.2613
11.48 12.2613
11.49 12.2613
11.5 12.2613
11.51 12.2613
11.52 12.2613
11.53 12.2613
11.54 12.2613
11.55 12.2614
11.56 12.2614
11.57 12.2614
11.58 12.2614
11.59 12.2614
11.6 12.2614
11.61 12.2614
11.62 12.2614
11.63 12.2614
11.64 12.2614
11.65 12.2614
11.66 12.2615
11.67 12.2615
11.68 12.2615
11.69 12.2615
11.7 12.2615
11.71 12.2615
11.72 12.2615
11.73 12.2615
11.74 12.2615
11.75 12.2615
11.76 12.2615
11.77 12.2615
11.78 12.2615
11.79 12.2616
11.8 12.2616
11.81 12.2616
11.82 12.2616
11.83 12.2616
11.84 12.2616
11.85 12.2616
11.86 12.2616
11.87 12.2616
11.88 12.2616
11.89 12.2616
11.9 12.2616
11.91 12.2616
11.92 12.2616
11.93 12.2617
11.94 12.2617
11.95 12.2617
11.96 12.2617
11.97 12.2617
11.98 12.2617
11.99 12.2617
